-3.975000 0.000000 || -3.975000 0.000000
-3.925000 0.000000 || -3.925000 0.000000
-3.875000 0.000000 || -3.875000 0.000000
-3.825000 0.000000 || -3.825000 0.000000
-3.775000 0.002000 || -3.775000 0.000000
-3.725000 0.000000 || -3.725000 0.000000
-3.675000 0.000000 || -3.675000 0.000000
-3.625000 0.000000 || -3.625000 0.000000
-3.575000 0.002000 || -3.575000 0.002000
-3.525000 0.000000 || -3.525000 0.000000
-3.475000 0.004000 || -3.475000 0.000000
-3.425000 0.002000 || -3.425000 0.000000
-3.375000 0.000000 || -3.375000 0.000000
-3.325000 0.004000 || -3.325000 0.002000
-3.275000 0.002000 || -3.275000 0.002000
-3.225000 0.000000 || -3.225000 0.000000
-3.175000 0.006000 || -3.175000 0.002000
-3.125000 0.004000 || -3.125000 0.002000
-3.075000 0.000000 || -3.075000 0.002000
-3.025000 0.010000 || -3.025000 0.004000
-2.975000 0.004000 || -2.975000 0.002000
-2.925000 0.008000 || -2.925000 0.006000
-2.875000 0.008000 || -2.875000 0.006000
-2.825000 0.006000 || -2.825000 0.004000
-2.775000 0.016000 || -2.775000 0.010000
-2.725000 0.010000 || -2.725000 0.008000
-2.675000 0.006000 || -2.675000 0.012000
-2.625000 0.014000 || -2.625000 0.008000
-2.575000 0.010000 || -2.575000 0.010000
-2.525000 0.026000 || -2.525000 0.018000
-2.475000 0.024000 || -2.475000 0.022000
-2.425000 0.018000 || -2.425000 0.014000
-2.375000 0.026000 || -2.375000 0.030000
-2.325000 0.028000 || -2.325000 0.038000
-2.275000 0.030000 || -2.275000 0.028000
-2.225000 0.026000 || -2.225000 0.036000
-2.175000 0.040000 || -2.175000 0.022000
-2.125000 0.028000 || -2.125000 0.048000
-2.075000 0.046000 || -2.075000 0.050000
-2.025000 0.038000 || -2.025000 0.048000
-1.975000 0.066000 || -1.975000 0.044000
-1.925000 0.052000 || -1.925000 0.052000
-1.875000 0.064000 || -1.875000 0.058000
-1.825000 0.090000 || -1.825000 0.068000
-1.775000 0.066000 || -1.775000 0.068000
-1.725000 0.088000 || -1.725000 0.088000
-1.675000 0.126000 || -1.675000 0.078000
-1.625000 0.124000 || -1.625000 0.106000
-1.575000 0.112000 || -1.575000 0.096000
-1.525000 0.142000 || -1.525000 0.142000
-1.475000 0.106000 || -1.475000 0.122000
-1.425000 0.140000 || -1.425000 0.126000
-1.375000 0.140000 || -1.375000 0.162000
-1.325000 0.184000 || -1.325000 0.196000
-1.275000 0.206000 || -1.275000 0.166000
-1.225000 0.188000 || -1.225000 0.200000
-1.175000 0.206000 || -1.175000 0.186000
-1.125000 0.244000 || -1.125000 0.234000
-1.075000 0.194000 || -1.075000 0.196000
-1.025000 0.244000 || -1.025000 0.228000
-0.975000 0.252000 || -0.975000 0.286000
-0.925000 0.282000 || -0.925000 0.318000
-0.875000 0.256000 || -0.875000 0.304000
-0.825000 0.290000 || -0.825000 0.344000
-0.775000 0.298000 || -0.775000 0.308000
-0.725000 0.282000 || -0.725000 0.274000
-0.675000 0.314000 || -0.675000 0.292000
-0.625000 0.292000 || -0.625000 0.368000
-0.575000 0.302000 || -0.575000 0.352000
-0.525000 0.332000 || -0.525000 0.328000
-0.475000 0.372000 || -0.475000 0.404000
-0.425000 0.388000 || -0.425000 0.352000
-0.375000 0.370000 || -0.375000 0.350000
-0.325000 0.410000 || -0.325000 0.382000
-0.275000 0.402000 || -0.275000 0.400000
-0.225000 0.428000 || -0.225000 0.374000
-0.175000 0.370000 || -0.175000 0.436000
-0.125000 0.368000 || -0.125000 0.378000
-0.075000 0.392000 || -0.075000 0.362000
-0.025000 0.402000 || -0.025000 0.438000
0.025000 0.396000 || 0.025000 0.408000
0.075000 0.428000 || 0.075000 0.418000
0.125000 0.372000 || 0.125000 0.462000
0.175000 0.406000 || 0.175000 0.356000
0.225000 0.384000 || 0.225000 0.368000
0.275000 0.410000 || 0.275000 0.396000
0.325000 0.332000 || 0.325000 0.392000
0.375000 0.380000 || 0.375000 0.362000
0.425000 0.340000 || 0.425000 0.354000
0.475000 0.366000 || 0.475000 0.374000
0.525000 0.358000 || 0.525000 0.360000
0.575000 0.326000 || 0.575000 0.366000
0.625000 0.308000 || 0.625000 0.334000
0.675000 0.290000 || 0.675000 0.308000
0.725000 0.320000 || 0.725000 0.298000
0.775000 0.306000 || 0.775000 0.242000
0.825000 0.278000 || 0.825000 0.288000
0.875000 0.234000 || 0.875000 0.278000
0.925000 0.318000 || 0.925000 0.236000
0.975000 0.238000 || 0.975000 0.218000
1.025000 0.228000 || 1.025000 0.250000
1.075000 0.238000 || 1.075000 0.202000
1.125000 0.212000 || 1.125000 0.206000
1.175000 0.170000 || 1.175000 0.210000
1.225000 0.172000 || 1.225000 0.202000
1.275000 0.226000 || 1.275000 0.188000
1.325000 0.182000 || 1.325000 0.146000
1.375000 0.160000 || 1.375000 0.142000
1.425000 0.152000 || 1.425000 0.110000
1.475000 0.166000 || 1.475000 0.122000
1.525000 0.088000 || 1.525000 0.130000
1.575000 0.126000 || 1.575000 0.100000
1.625000 0.094000 || 1.625000 0.118000
1.675000 0.080000 || 1.675000 0.096000
1.725000 0.076000 || 1.725000 0.084000
1.775000 0.104000 || 1.775000 0.068000
1.825000 0.072000 || 1.825000 0.080000
1.875000 0.072000 || 1.875000 0.070000
1.925000 0.062000 || 1.925000 0.052000
1.975000 0.066000 || 1.975000 0.050000
2.025000 0.052000 || 2.025000 0.042000
2.075000 0.042000 || 2.075000 0.046000
2.125000 0.050000 || 2.125000 0.050000
2.175000 0.038000 || 2.175000 0.042000
2.225000 0.040000 || 2.225000 0.026000
2.275000 0.018000 || 2.275000 0.040000
2.325000 0.032000 || 2.325000 0.016000
2.375000 0.018000 || 2.375000 0.028000
2.425000 0.018000 || 2.425000 0.020000
2.475000 0.010000 || 2.475000 0.012000
2.525000 0.012000 || 2.525000 0.016000
2.575000 0.018000 || 2.575000 0.014000
2.625000 0.010000 || 2.625000 0.018000
2.675000 0.006000 || 2.675000 0.010000
2.725000 0.010000 || 2.725000 0.008000
2.775000 0.008000 || 2.775000 0.012000
2.825000 0.006000 || 2.825000 0.004000
2.875000 0.006000 || 2.875000 0.012000
2.925000 0.006000 || 2.925000 0.006000
2.975000 0.006000 || 2.975000 0.006000
3.025000 0.006000 || 3.025000 0.004000
3.075000 0.004000 || 3.075000 0.000000
3.125000 0.002000 || 3.125000 0.002000
3.175000 0.000000 || 3.175000 0.002000
3.225000 0.004000 || 3.225000 0.002000
3.275000 0.002000 || 3.275000 0.004000
3.325000 0.000000 || 3.325000 0.000000
3.375000 0.000000 || 3.375000 0.002000
3.425000 0.000000 || 3.425000 0.000000
3.475000 0.000000 || 3.475000 0.002000
3.525000 0.002000 || 3.525000 0.002000
3.575000 0.000000 || 3.575000 0.000000
3.625000 0.000000 || 3.625000 0.002000
3.675000 0.002000 || 3.675000 0.000000
3.725000 0.002000 || 3.725000 0.002000
3.775000 0.000000 || 3.775000 0.000000
3.825000 0.000000 || 3.825000 0.000000
3.875000 0.002000 || 3.875000 0.000000
3.925000 0.000000 || 3.925000 0.000000
3.975000 0.000000 || 3.975000 0.000000
